## test 2

a <- 1+3
b <- 2+9

c <- a+b